00.0100000000015
10.0100000000008
20.01
30.0100000000004
40.0100000000004
50.0100000000004
60.01
70.0100000000007
80.0100000000003
90.0100000000004
100.0100000000002
110.0100000000002
120.01
130.0100000000004
140.01
150.01
160.010000000001
170.0100000000002
180.0100000000001
190.01
200.01
210.01
220.759999999924
230.010000000068
240.0100000000005
240.807999999991
00.879999999992
00.0133333333343
10.0133333333338
20.0133333333333
30.0133333333337
40.0133333333338
50.0133333333342
60.0133333333333
70.0133333333338
80.0133333333337
90.0133333333338
100.0133333333333
110.0133333333333
120.0133333333333
130.0133333333336
140.0133333333333
150.0133333333334
160.0133333333343
170.0133333333337
180.0133333333336
190.0133333333333
200.0133333333333
210.0133333333333
220.0133333334006
230.679999999926
240.0133333333333
00.0200000000039
10.02
20.02
30.0200000000014
40.02
50.02
60.02
70.0200000000017
80.02
90.02
100.02
110.02
120.02
130.02
140.02
150.02
160.0200000000027
170.02
180.02
190.02
200.02
210.02
220.0200000000028
230.519999999988
240.02
00.567004142553
30.330773635218
00.893333333327
160.807999999983
00.02
10.02
20.0200000000022
30.0200000000022
40.519999999973
50.0200000000007
60.02
70.02
80.0200000000008
90.02
100.02
110.0200000000066
120.02
130.02
140.0200000000019
150.0200000000014
160.0200000000025
170.0200000000051
180.0200000000006
190.0200000000016
200.02
210.02
220.0200000000006
230.0200000000009
240.02
10.839999999993
230.807999999861
00.0200000000021
10.02
20.02
30.0200000000042
40.0200000000042
50.0200000000033
60.0200000000034
70.0200000000006
80.0200000000013
90.020000000003
100.0200000000065
110.0200000000007
120.02
130.0200000000023
140.02
150.519999999946
160.0200000000045
170.0200000000005
180.020000000002
190.0200000000025
200.0200000000031
210.0200000000034
220.0200000000022
230.0200000000024
240.0200000000016
160.807999999985
00.0133333333342
10.0133333333333
20.0133333333358
30.0133333333359
40.013333333335
50.0133333333346
60.0133333333347
70.0133333333347
80.0133333333338
90.0133333333345
100.0133333333359
110.0133333333349
120.0133333333333
130.0133333333342
140.0133333333333
150.0133333336289
160.679999999676
170.0133333333335
180.0133333333341
190.0133333333362
200.0133333333345
210.0133333333347
220.0133333333342
230.0133333333343
240.0133333333351
00.0100000000018
10.01
20.01
30.0100000000007
40.01
50.01
60.01
70.759999999987
80.01
90.01
100.0100000000008
110.01
120.01
130.0100000000005
140.01
150.0100000000007
160.0100000000018
170.01
180.01
190.01
200.01
210.01
220.0100000000021
230.0100000000042
240.01
00.04
10.04
20.04
30.04
40.04
50.04
60.04
70.04
80.04
90.04
100.04
110.04
120.04
130.04
140.04
150.04
160.04
170.04
180.04
190.04
200.04
210.04
220.04
230.04
240.04
00.0100000000004
10.0100000000002
20.01
30.0100000000002
40.0100000000002
50.0100000000004
60.01
70.010000000001
80.0100000000002
90.0100000000002
100.01
110.01
120.01
130.0100000000007
140.01
150.0100000000003
160.0100000000009
170.0100000000002
180.0100000000001
190.01
200.01
210.01
220.010000000002
230.759999999993
240.01
00.0133333333354
10.0133333333333
20.0133333333333
30.0133333333341
40.013333333334
50.0133333333338
60.0133333333339
70.0133333333342
80.0133333333338
90.0133333333333
100.0133333333339
110.0133333333333
120.298907035728
130.0133333333333
140.0133333333333
150.0133333333342
160.0133333333348
170.0133333333333
180.0133333333337
190.0133333333333
200.0133333333333
210.0133333333333
220.0133333333358
230.394426297593
240.0133333333333
180.839999999964
150.839999999992
00.0133333333341
10.0133333333333
20.0133333333333
30.0133333333333
40.0133333333333
50.679999999993
60.0133333333356
70.0133333333342
80.0133333333341
90.0133333333333
100.0133333333333
110.0133333333333
120.0133333333333
130.0133333333333
140.0133333333351
150.0133333333336
160.0133333333333
170.0133333333333
180.0133333333333
190.0133333333333
200.0133333333333
210.0133333333333
220.0133333333333
230.0133333333333
240.0133333333333
130.912727272722
00.0100000000015
60.0100000000017
70.0100000000018
90.759999998954
110.0100000000008
130.0100000000016
160.0100000000008
170.0100000000009
180.0100000000004
190.0100000000006
210.0100000000015
220.0100000000001
230.0100000000007
240.0100000010336
200.893333333328
190.839999999976
00.0133333333333
10.0133333333346
20.0133333333333
30.0133333333333
40.0133333333333
50.0133333333341
60.0133333333333
70.0133333333333
80.0133333333345
90.0133333333333
100.0133333333344
110.0133333333333
120.0133333333333
130.013333333334
140.0133333333333
150.0133333333337
160.0133333333333
170.0133333333347
180.0133333333333
190.679999999991
200.0133333333333
210.0133333333333
220.013333333334
230.0133333333333
240.0133333333344
10.862857142848
100.893333333326
00.0100000000003
10.0100000000004
20.759999999992
30.0100000000006
40.01
50.01
60.01
70.0100000000007
80.0100000000003
90.01
100.01
110.0100000000004
120.0100000000012
130.010000000001
140.01
150.0100000000004
160.0100000000006
170.0100000000009
180.0100000000002
190.0100000000006
200.01
210.01
220.0100000000002
230.01
240.0100000000004
00.91272727272
00.0200000000017
10.02
20.02
30.02
40.519999999992
50.02
60.02
70.02
80.02
90.02
100.02
110.02
120.02
130.0200000000039
140.0200000000024
150.02
160.02
170.02
180.02
190.02
200.02
210.02
220.02
230.02
240.02
200.807999999985
150.807999999979
00.0133333333333
10.0133333333333
20.0133333333333
30.0133333333333
40.0133333333333
50.0133333333333
60.0133333333353
70.0133333333353
80.013333333335
90.0133333333357
100.0133333333341
110.0133333333342
120.0133333333333
130.0133333333333
140.0133333333333
150.0133333333368
160.0133333333345
170.679999999986
180.0133333333333
190.0133333333333
200.0133333333333
210.0133333333333
220.0133333333333
230.0133333333333
240.0133333333333
190.807999999964
00.0100000000002
10.01
20.01
30.01
40.0100000000009
50.0100000000006
60.0100000000012
70.0100000000003
80.0100000000002
90.0100000000015
100.01
110.0100000000014
120.01
130.75999999996
140.01
150.010000000001
160.0100000000008
170.0100000000014
180.01
190.01
200.01
210.0100000000014
220.01
230.01
240.0100000000286
200.807999999989
00.0133333333341
10.0133333333333
20.0133333333333
30.0133333333333
40.0133333333333
50.679999999993
60.0133333333356
70.0133333333342
80.0133333333341
90.0133333333333
100.0133333333333
110.0133333333333
120.0133333333333
130.0133333333333
140.0133333333351
150.0133333333336
160.0133333333333
170.0133333333333
180.0133333333333
190.0133333333333
200.0133333333333
210.0133333333333
220.0133333333333
230.0133333333333
240.0133333333333
00.893333333326
130.462745792234
150.38392087442
220.807999999963
70.862857142844
70.903999999995
60.839999999977
00.0100000000003
10.01
20.01
30.01
40.01
50.0100000000012
60.759999999994
70.0100000000011
80.0100000000003
90.01
100.01
110.01
120.01
130.01
140.0100000000025
150.01
160.01
170.01
180.0100000000001
190.01
200.01
210.01
220.01
230.01
240.0100000000001
00.0100000000031
10.0100000000021
20.0100000000009
30.0100000000006
40.0100000000005
50.0100000000003
70.0100000000015
80.0100000000003
130.0100000000004
160.0100000000011
170.0100000000012
180.759999999985
190.0100000000001
200.010000000001
210.0100000000014
220.0100000000006
230.0100000000002
240.0100000000001
00.01
10.01
20.01
30.0100000000009
40.01
50.75999999998
60.0100000000021
70.0100000000011
80.0100000000009
90.01
100.0100000000011
110.01
120.0100000000077
130.01
140.0100000000021
150.0100000000016
160.0100000000018
170.010000000001
180.01
190.01
200.01
210.01
220.01
230.01
240.01
00.01
10.0100000000113
20.01
30.01
40.010000000001
50.0100000000001
60.01
70.01
80.01
90.0100000000003
100.01
110.01
120.01
130.0100000000004
140.01
150.0100000000002
160.01
170.01
180.01
190.0100000000005
200.759999999986
210.01
220.0100000000004
230.0100000000002
240.01
00.0100000000006
10.01
20.01
30.0100000000006
40.0100000000007
50.0100000000007
60.0100000000008
70.0100000000016
80.0100000000005
90.0100000000004
100.0100000000027
110.0100000000003
120.01
130.0100000000003
140.01
150.759999999987
160.0100000000006
170.0100000000001
180.0100000000003
190.0100000000006
200.0100000000012
210.0100000000006
220.0100000000004
230.0100000000003
240.0100000000002
150.839999999854
00.02
10.519999999992
20.02
30.02
40.02
50.02
60.0200000000022
70.0200000000059
80.02
90.02
100.02
110.02
120.02
130.02
140.02
150.02
160.02
170.02
180.02
190.02
200.02
210.02
220.02
230.02
240.02
00.481250027703
10.010000000003
20.0100000000006
30.0100000000018
40.0100000000003
50.0100000000015
60.0100000000043
70.0100000000025
80.0100000000002
110.0100000000019
120.0100000000058
130.0100000000007
150.010000000001
160.010000000002
170.0100000000005
180.288749972261
190.0100000000004
200.0100000000014
210.0100000000005
220.0100000000002
230.0100000000023
240.0100000000048
00.0100000000007
10.0100000000902
20.01
30.01
40.0100000000007
50.0100000000006
60.01
70.0100000000003
80.0100000000005
90.0100000000015
100.0100000000003
110.0100000000003
120.01
130.0100000000007
140.01
150.0100000000004
160.0100000000004
170.0100000000003
180.0100000000002
190.01
200.259999999965
210.01
220.509999999935
230.0100000000015
240.0100000000008
00.0133333333351
10.0133333333333
20.0133333333333
30.0133333333356
40.0133333333436
50.0133333333353
60.0133333333333
70.0133333333333
80.0133333333333
90.0133333333333
100.0133333333333
110.0133333333333
120.0133333333333
130.0133333333361
140.679999999981
150.0133333333333
160.0133333333333
170.0133333333333
180.0133333333333
190.0133333333333
200.0133333333333
210.0133333333333
220.0133333333333
230.0133333333333
240.0133333333333
00.0133333333333
10.0133333333333
20.0133333333339
30.0133333333339
40.679999999962
50.0133333333335
60.0133333333333
70.0133333333333
80.0133333333335
90.0133333333333
100.0133333333333
110.013333333335
120.0133333333333
130.0133333333333
140.0133333333649
150.0133333333337
160.013333333334
170.0133333333347
180.0133333333335
190.0133333333337
200.0133333333333
210.0133333333333
220.0133333333335
230.0133333333336
240.0133333333333
00.0100000000006
10.0100000000008
20.0100000000003
30.0100000000009
40.0100000000009
50.0100000000006
60.0100000000018
70.0100000000007
80.0100000000001
90.01
100.01
110.759999999983
120.0100000000024
130.01
140.0100000000002
150.010000000002
160.0100000000012
170.0100000000015
180.0100000000005
190.0100000000002
200.01
210.01
220.0100000000001
230.0100000000008
240.0100000000019
40.807999999985
00.01
10.01
20.0100000000011
30.0100000000011
40.0100000000352
50.0100000000004
60.0100000000005
70.0100000000005
80.0100000000004
90.01
100.0100000000005
110.0100000000034
120.01
130.01
140.010000000001
150.0100000000007
160.0100000000013
170.0100000000026
180.0100000000003
190.75999999995
200.01
210.01
220.0100000000003
230.0100000000005
240.01
220.807999999969
170.807999999913
00.0133333333333
10.0133333333333
20.0133333333333
30.0133333333333
40.0133333333333
50.0133333333333
60.0133333333333
70.0133333333333
80.0133333333346
90.679999999986
100.0133333333339
110.0133333333381
120.0133333333333
130.0133333333333
140.0133333333333
150.0133333333358
160.0133333333333
170.0133333333347
180.0133333333333
190.0133333333333
200.0133333333333
210.0133333333333
220.0133333333337
230.0133333333368
240.0133333333333
220.893333333313
00.0100000000007
10.0100000000014
20.01
30.01
40.347052160192
50.0100000000006
60.01
70.0100000000003
80.0100000000005
90.0100000000008
100.0100000000003
110.0100000000004
120.01
130.0100000000008
140.0100000000014
150.0100000000001
160.0100000000004
170.0100000000003
180.0100000000002
190.01
200.01
210.01
220.422947839797
230.0100000000016
240.0100000000009
220.862857142854
00.839999999992
170.807999999993
110.807999999994
50.0100000000012
60.0100000000003
130.0100000000002
170.0100000000035
220.010000000001
240.759999999994
00.0100000000005
30.378732702503
40.0100000000007
50.0100000000004
60.391267297489
100.0100000000019
130.0100000000004
140.010000000002
150.0100000000006
210.0100000000013
00.0100000000016
10.01
20.01
30.759999999984
40.0100000000011
50.0100000000007
60.0100000000026
70.01
80.01
90.01
100.0100000000028
110.01
120.01
130.0100000000006
140.01
150.01
160.0100000000006
170.01
180.01
190.01
200.0100000000019
210.0100000000033
220.0100000000006
230.01
240.01
30.879999999994
00.0100000000006
20.0100000000017
30.0100000000027
40.75999999998
50.0100000000006
60.0100000000007
80.0100000000007
100.0100000000007
110.0100000000008
120.0100000000064
140.0100000000002
150.0100000000012
160.0100000000003
170.0100000000012
180.0100000000005
190.0100000000002
220.0100000000012
230.0100000000008
00.0133333333333
10.0133333333333
20.0133333333333
30.0133333333333
40.0133333333333
50.0133333333342
60.0133333333361
70.0133333333362
80.0133333333333
90.0133333333338
100.0133333333333
110.0133333333346
120.0133333333333
130.0133333333333
140.0133333333333
150.0133333333333
160.679999999986
170.0133333333369
180.0133333333333
190.0133333333333
200.0133333333333
210.0133333333333
220.0133333333357
230.0133333333333
240.0133333333333
210.862857142851
00.04
10.04
20.04
30.04
40.04
50.04
60.04
70.04
80.04
90.04
100.04
110.04
120.04
130.04
140.04
150.04
160.04
170.04
180.04
190.04
200.04
210.04
220.04
230.04
240.04
180.879999999994
90.420430798777
220.39556920121
180.931428571422
140.807999999986
240.807999999782
140.608000000007
200.207999999985
40.609705622841
80.236961043812
140.807999999787
80.430445559735
220.416221106925
110.482975179944
230.385596248622
130.591531175302
220.277040253262
120.577142857155
140.291428571411
120.673333333355
140.173333333308
170.807999999991
160.80799999963
00.0133333333339
10.0133333333333
20.0133333333333
30.013333333336
40.0133333333353
50.0133333333342
60.0133333333343
70.0133333333335
80.0133333333337
90.0133333333342
100.679999999963
110.0133333333335
120.0133333333333
130.0133333333344
140.0133333333333
150.0133333333356
160.0133333333346
170.0133333333341
180.0133333333343
190.013333333334
200.0133333333342
210.0133333333514
220.0133333333344
230.013333333334
240.0133333333344
00.04
10.04
20.04
30.04
40.04
50.04
60.04
70.04
80.04
90.04
100.04
110.04
120.04
130.04
140.04
150.04
160.04
170.04
180.04
190.04
200.04
210.04
220.04
230.04
240.04
00.01
10.01
20.01
30.0100000000001
40.01
50.01
60.01
70.0100000000001
80.0100000000003
90.01
100.01
110.759999999998
120.01
130.0100000000005
140.01
150.01
160.0100000000001
170.01
180.01
190.01
200.01
210.0100000000007
220.01
230.0100000000005
240.01
30.0100000000182
60.0100000000003
70.0100000000005
100.0100000000003
130.0100000000001
140.0100000000004
160.0100000000004
170.0100000000002
180.0100000000008
210.759999999978
220.0100000000001
230.0100000000002
240.0100000000002
00.01
10.01
20.01
30.01
40.01
50.01
60.01
70.01
80.0100000000006
90.759999999984
100.0100000000021
110.0100000000003
120.01
130.0100000000002
140.01
150.0100000000011
160.01
170.0100000000118
180.01
190.01
200.01
210.01
220.01
230.01
240.01
160.807999999987
110.912727272724
110.862857142855
120.839999999946
100.441377644692
120.405289021965
100.862857142849
120.256139632599
150.628860367393
240.807999999973
00.295408892962
10.01
20.01
30.010000000002
40.0100000000015
50.0100000000006
60.0100000000006
70.0100000000001
80.0100000000002
90.0100000000006
100.474591107018
110.0100000000001
120.01
130.010000000003
140.01
150.0100000000016
160.0100000000009
170.0100000000006
180.0100000000007
190.0100000000005
200.0100000000006
210.0100000000023
220.0100000000029
230.0100000000005
240.0100000000009
160.839999999957
160.839999999966
00.0133333333333
10.0133333333339
20.0133333333343
30.013333333334
40.0133333333339
50.0133333333337
60.0133333333333
70.0133333333338
80.377923158749
90.0133333333333
100.0133333333333
110.0133333333333
120.0133333333333
130.0133333333346
140.0133333333333
150.0133333333333
160.0133333333349
170.0133333333333
180.315410174572
190.0133333333341
200.0133333333357
210.0133333333342
220.0133333333336
230.0133333333345
240.0133333333338
00.01
10.01
20.01
30.01
40.01
50.01
60.01
70.01
80.0100000000011
90.01
100.01
110.01
120.01
130.01
140.01
150.01
160.0100000000008
170.01
180.0100000000015
190.01
200.01
210.0100000000029
220.759999999994
230.01
240.01
80.839999999977
30.839999999988
00.0133333333333
10.0133333333333
20.0133333333339
30.0133333333339
40.0133333333373
50.0133333333335
60.0133333333348
70.0133333333333
80.0133333333336
90.0133333333333
100.0133333333333
110.679999999989
120.0133333333333
130.0133333333333
140.0133333333338
150.0133333333337
160.013333333334
170.0133333333347
180.0133333333335
190.0133333333338
200.0133333333333
210.0133333333333
220.0133333333335
230.0133333333336
240.0133333333333
00.04
10.04
20.04
30.04
40.04
50.04
60.04
70.04
80.04
90.04
100.04
110.04
120.04
130.04
140.04
150.04
160.04
170.04
180.04
190.04
200.04
210.04
220.04
230.04
240.04
00.0133333333333
10.0133333333333
20.0133333333395
30.0133333333333
40.0133333333333
50.0133333333339
60.0133333333333
70.0133333333333
80.0133333333333
90.0133333333337
100.0133333333333
110.0133333333343
120.0133333333478
130.0133333333333
140.0133333333333
150.0133333333333
160.0133333333347
170.0133333333341
180.0133333333333
190.0133333333333
200.0133333333333
210.0133333333333
220.679999999975
230.0133333333333
240.0133333333333
00.519999999994
10.02
20.02
30.02
40.02
50.02
60.02
70.02
80.02
90.0200000000038
100.02
110.02
120.02
130.02
140.02
150.02
160.0200000000019
170.02
180.02
190.02
200.02
210.02
220.02
230.02
240.02
00.0133333333337
10.0133333333333
20.0133333333362
30.679999999955
40.0133333333556
50.0133333333339
60.0133333333333
70.0133333333333
80.013333333334
90.0133333333333
100.0133333333333
110.0133333333387
120.0133333333333
130.0133333333333
140.0133333333349
150.0133333333345
160.0133333333354
170.013333333338
180.0133333333338
190.0133333333346
200.0133333333333
210.0133333333333
220.0133333333338
230.0133333333341
240.0133333333333
00.0133333333333
10.0133333333333
20.0133333333333
30.0133333333333
40.0133333333333
50.0133333333333
60.013333333335
70.0133333333333
80.0133333333333
90.0133333333354
100.67999999999
110.0133333333333
120.0133333333333
130.0133333333345
140.0133333333333
150.0133333333333
160.0133333333333
170.0133333333333
180.0133333333343
190.0133333333333
200.0133333333333
210.0133333333353
220.0133333333333
230.0133333333333
240.0133333333351
00.02
10.02
20.02
30.02
40.02
50.02
60.0200000000066
70.02
80.02
90.02
100.519999999973
110.02
120.02
130.02
140.02
150.02
160.02
170.02
180.020000000004
190.02
200.02
210.0200000000093
220.02
230.02
240.0200000000069
110.879999999994
00.0100000000008
10.01
20.01
30.01
40.0100000000098
50.01
60.759999999981
70.0100000000008
80.01
90.01
100.0100000000009
110.0100000000037
120.01
130.01
140.01
150.01
160.01
170.01
180.0100000000005
190.01
200.01
210.0100000000009
220.0100000000005
230.01
240.0100000000009
00.0100000000004
10.01
20.0100000000003
30.0100000000026
40.759999999977
50.0100000000007
60.0100000000007
70.0100000000001
80.0100000000003
90.0100000000006
100.0100000000035
110.0100000000009
120.01
130.0100000000009
140.0100000000002
150.0100000000019
160.0100000000012
170.0100000000013
180.0100000000009
190.0100000000007
200.0100000000006
210.0100000000026
220.0100000000009
230.0100000000006
240.010000000001
120.296633848992
230.571937579568
210.839999999448
00.0100000000004
10.01
20.01
30.0100000000014
40.759999999966
50.010000000002
60.0100000000007
70.0100000000008
80.0100000000008
90.010000000004
100.0100000000013
110.0100000000009
120.01
130.0100000000023
140.01
150.0100000000013
160.0100000000097
170.0100000000001
180.0100000000021
190.0100000000005
200.0100000000006
210.0100000000007
220.0100000000004
230.0100000000033
240.0100000000003
00.0100000000008
10.0100000000004
20.0100000000021
30.259999999994
40.0100000000015
50.0100000000006
60.01
70.01
80.0100000000006
90.0100000000004
100.01
110.01
120.01
130.0100000000002
140.01
150.0100000000001
160.0100000000002
170.0100000000015
180.0100000000002
190.01
200.01
210.01
220.509999999996
230.0100000000012
240.01
100.807999999991
50.903999999992
30.378846961729
40.437153038264
210.807999999981
60.435109635721
120.411557030939
00.0133333333333
10.0133333333335
20.0133333333337
30.0133333333336
40.0133333333335
50.0133333333335
60.0133333333363
70.0133333333335
80.0133333333335
90.0133333333333
100.0133333333364
110.0133333333333
120.0133333333333
130.0133333333338
140.0133333333333
150.0133333333333
160.0133333333339
170.0133333333333
180.67999999998
190.0133333333336
200.0133333333342
210.0133333333403
220.0133333333334
230.0133333333337
240.0133333333366
00.02
10.020000000005
20.02
30.02
40.02
50.02
60.02
70.02
80.0200000000008
90.02
100.02
110.02
120.02
130.0200000000027
140.02
150.0200000000015
160.02
170.0200000000054
180.02
190.519999999985
200.02
210.02
220.02
230.02
240.02
50.839999999992
50.83999999999
00.02
10.0200000000026
20.02
30.02
40.02
50.02
60.02
70.02
80.02
90.519999999927
100.02
110.02
120.02
130.02
140.0200000000666
150.02
160.02
170.02
180.0200000000034
190.02
200.02
210.02
220.02
230.02
240.02
00.862857142843
00.01
10.0100000000003
20.01
30.0100000000006
40.01
50.01
60.01
70.01
80.01
90.759999999987
100.01
110.01
120.01
130.0100000000004
140.0100000000005
150.0100000000007
160.0100000000018
170.01
180.0100000000025
190.01
200.01
210.01
220.0100000000057
230.0100000000007
240.01
180.807999999988
00.0100000000002
10.01
20.01
30.01
40.01
50.01
60.0100000000003
70.0100000000003
80.01
90.0100000000011
100.01
110.0100000000009
120.01
130.0100000000007
140.0100000000006
150.01
160.0100000000006
170.0100000000001
180.0100000000001
190.01
200.01
210.0100000000012
220.0100000000002
230.0100000000004
240.759999999993
70.839999999921
10.759999999998
60.0100000000003
70.0100000000015
100.0100000000003
00.013333333335
10.0133333333333
20.0133333333333
30.0133333333349
40.013333333335
50.0133333333365
60.0133333333364
70.013333333334
80.0133333333337
90.0133333333341
100.0133333333364
110.0133333333335
120.0133333333333
130.0133333333343
140.0133333333333
150.679999999975
160.0133333333345
170.0133333333335
180.0133333333338
190.0133333333348
200.0133333333341
210.0133333333348
220.0133333333342
230.013333333334
240.0133333333337
150.839999999992
100.893333333325
240.839999999817
150.807999999984
00.807999999987
10.807999999997
220.862857142839
150.807999999979
00.0133333333354
10.0133333333333
20.0133333333333
30.0133333333351
40.0133333333353
50.0133333333372
60.013333333337
70.0133333333342
80.0133333333337
90.0133333333342
100.679999999971
110.0133333333335
120.0133333333333
130.0133333333344
140.0133333333333
150.0133333333377
160.0133333333346
170.0133333333335
180.0133333333339
190.0133333333351
200.0133333333342
210.013333333335
220.0133333333344
230.013333333334
240.0133333333338
00.0133333333333
10.0133333333354
20.0133333333373
30.0133333333349
40.0133333333333
50.0133333333333
60.013333333334
70.679999999981
80.0133333333333
90.0133333333333
100.0133333333333
110.0133333333354
120.0133333333333
130.0133333333333
140.0133333333333
150.0133333333343
160.0133333333362
170.0133333333333
180.0133333333333
190.0133333333363
200.0133333333333
210.0133333333333
220.0133333333333
230.0133333333333
240.0133333333351
00.02
10.0200000000026
20.02
30.02
40.02
50.02
60.02
70.02
80.0200000000019
90.519999999963
100.02
110.02
120.02
130.02
140.02
150.02
160.0200000000014
170.02
180.02
190.02
200.0200000000316
210.02
220.02
230.02
240.02
00.02
10.02
20.02
30.02
40.02
50.02
60.02
70.02
80.02
90.02
100.0200000000037
110.0200000000041
120.02
130.02
140.519999999992
150.02
160.02
170.02
180.02
190.02
200.02
210.02
220.02
230.02
240.02
180.839999999906
20.807999999999
50.451203001725
150.395463664931
60.879999999951
00.0100000000011
10.0100000000015
20.01
30.01
40.01
50.01
60.0100000000012
70.0100000000012
80.0100000000025
90.0100000000006
100.01
110.01
120.01
130.759999999985
140.01
150.01
160.0100000000011
170.0100000000004
180.010000000001
190.01
200.01
210.0100000000005
220.01
230.0100000000005
240.0100000000037
40.879999999984
150.466993084182
190.401578344379
00.0100000000002
10.0100000000003
20.01
30.0100000000006
40.759999999991
50.0100000000012
60.01
70.0100000000003
80.0100000000002
90.0100000000001
100.01
110.01
120.01
130.0100000000016
140.01
150.010000000001
160.01
170.0100000000002
180.01
190.01
200.0100000000014
210.01
220.0100000000006
230.0100000000009
240.01
00.0133333333349
10.0133333333333
20.0133333333333
30.0133333333333
40.0133333333333
50.0133333333347
60.679999999982
70.0133333333351
80.0133333333333
90.0133333333342
100.0133333333333
110.0133333333333
120.0133333333333
130.0133333333345
140.0133333333333
150.0133333333333
160.0133333333338
170.013333333334
180.0133333333348
190.0133333333333
200.0133333333333
210.0133333333341
220.0133333333333
230.0133333333358
240.0133333333387
50.839999999977
00.02
10.02
20.02
30.02
40.020000000001
50.0200000000006
60.0200000000008
70.02
80.0200000000007
90.02
100.0200000000008
110.02
120.519999999992
130.02
140.02
150.0200000000013
160.02
170.02
180.0200000000005
190.02
200.02
210.02
220.0200000000014
230.0200000000008
240.02
210.893333333324
240.862857142849
00.288502238089
170.558164428569
80.807999999986
80.668723455754
110.199847972794
60.542674370795
240.303992295854
00.013333333335
10.0133333333333
20.0133333333333
30.0133333333349
40.013333333335
50.0133333333435
60.0133333333364
70.013333333334
80.0133333333337
90.0133333333341
100.0133333333364
110.0133333333335
120.0133333333333
130.0133333333343
140.0133333333333
150.679999999969
160.0133333333345
170.0133333333335
180.0133333333338
190.0133333333348
200.0133333333341
210.0133333333348
220.0133333333342
230.013333333334
240.0133333333337
00.807999999971
180.839999999985
150.879999999997
00.7217598769
90.163240123087
110.382214659579
150.433785340404
00.02
10.020000000013
20.02
30.02
40.02
50.02
60.02
70.02
80.0200000000013
90.02
100.02
110.02
120.02
130.02
140.519999999979
150.0200000000002
160.02
170.02
180.02
190.02
200.02
210.0200000000045
220.0200000000003
230.0200000000016
240.02
50.807999999985
150.862857142849
240.939999999997
00.0100000000011
10.01
20.01
30.0100000000008
40.010000000001
50.0100000000018
60.0100000000068
70.0100000000005
80.0100000000005
90.0100000000004
100.0100000000018
110.0100000000003
120.01
130.0100000000004
140.01
150.75999999998
160.0100000000006
170.0100000000001
180.0100000000003
190.010000000001
200.0100000000012
210.0100000000008
220.0100000000005
230.0100000000003
240.0100000000002
00.0200000000052
10.02
20.02
30.02
40.02
50.0200000000046
60.02
70.02
80.02
90.02
100.02
110.02
120.02
130.02
140.02
150.02
160.02
170.02
180.02
190.02
200.02
210.51999999999
220.02
230.02
240.02
00.0100000000011
30.0100000000008
40.010000000001
50.0100000000018
60.0100000000018
70.0100000000005
80.0100000000005
90.0100000000004
100.0100000000018
110.0100000000003
130.0100000000004
150.759999999985
160.0100000000006
170.0100000000001
180.0100000000003
190.0100000000009
200.0100000000012
210.0100000000008
220.0100000000005
230.0100000000003
240.0100000000002
150.807999999906
90.359400475833
150.456599524158
60.903999999993
80.862857142844
150.649940537458
230.196726129196
00.0133333333333
10.0133333333333
20.0133333333333
30.0133333333333
40.0133333333333
50.0133333333333
60.0133333333333
70.0133333333333
80.0133333333346
90.0133333333351
100.0133333333342
110.0133333333338
120.0133333333333
130.0133333333333
140.0133333333333
150.679999999993
160.0133333333333
170.0133333333347
180.0133333333333
190.013333333334
200.0133333333342
210.0133333333333
220.0133333333333
230.0133333333333
240.0133333333333
90.520639754549
180.295360245433
140.839999999997
00.0133333333346
10.0133333333333
20.0133333333333
30.0133333333361
40.0133333333362
50.013333333336
60.0133333333353
70.013333333334
80.0133333333344
90.67999999996
100.0133333333372
110.0133333333337
120.0133333333333
130.0133333333356
140.0133333333333
150.0133333333374
160.0133333333369
170.0133333333336
180.0133333333354
190.0133333333348
200.0133333333352
210.0133333333353
220.0133333333346
230.0133333333362
240.0133333333342
90.83999999987
160.620393028222
220.277384749549
230.839999999977
220.879999999989
00.0133333333333
10.0133333333333
20.679999999967
30.0133333333333
40.0133333333333
50.0133333333354
60.0133333333641
70.0133333333333
80.0133333333333
90.0133333333333
100.0133333333333
110.0133333333333
120.0133333333333
130.0133333333333
140.0133333333333
150.0133333333333
160.0133333333333
170.0133333333333
180.0133333333333
190.0133333333333
200.0133333333333
210.0133333333333
220.0133333333333
230.0133333333333
240.0133333333333
100.83999999999
10.912727272723
00.0133333333333
10.0133333333333
20.0133333333333
30.0133333333364
40.0133333333333
50.0133333333342
60.0133333333333
70.0133333333333
80.0133333333333
90.0133333333341
100.0133333333333
110.0133333333333
120.0133333333333
130.0133333333338
140.0133333333333
150.013333333334
160.679999999989
170.0133333333343
180.013333333335
190.0133333333333
200.0133333333333
210.0133333333333
220.0133333333348
230.013333333334
240.0133333333333
160.807999999995
00.0133333333333
10.0133333333348
20.0133333333341
30.0133333333338
40.0133333333337
50.0133333333336
60.0133333333333
70.0133333333337
80.0133333333344
90.0133333333361
100.0133333333333
110.0133333333333
120.0133333333333
130.0133333333343
140.0133333333333
150.0133333333333
160.0133333333351
170.0133333333333
180.0133333333391
190.0133333333339
200.679999999981
210.013333333334
220.0133333333335
230.0133333333342
240.0133333333337
00.0100000000009
10.0100000000005
20.0100000000005
30.0100000000013
40.010000000001
50.0100000000015
60.0100000000008
70.0100000000003
80.0100000000004
90.0100000000005
100.0100000000014
110.0100000000001
130.010000000001
150.0100000000012
160.759999999979
170.0100000000003
180.0100000000029
190.0100000000008
200.0100000000017
210.0100000000011
220.0100000000005
230.010000000001
240.0100000000007
00.0133333333342
10.0133333333346
20.0133333333333
30.0133333333342
40.0133333333333
50.0133333333337
60.0133333333347
70.0133333333339
80.0133333333333
90.0133333333333
100.0133333333333
110.0133333333339
120.679999999991
130.0133333333333
140.0133333333333
150.0133333333336
160.013333333334
170.0133333333333
180.0133333333333
190.0133333333333
200.0133333333333
210.0133333333333
220.0133333333333
230.0133333333344
240.0133333333347
180.862857142845
00.0100000000005
10.0100000000004
30.0100000000003
50.0100000000002
60.010000000001
70.0100000000014
90.0100000000001
110.0100000000004
120.010000000001
130.0100000000007
150.0100000000002
160.0100000000003
170.0100000000001
180.0100000000005
210.010000000001
230.0100000000004
240.759999999992
20.624548289959
60.222118376703
20.465212091627
60.403359336941
110.572554084073
230.243445915922
00.01
10.01
20.01
30.0100000000008
40.0100000000012
50.0100000000022
60.01
70.0100000000013
80.759999999975
90.0100000000056
100.01
110.01
120.01
130.0100000000029
140.01
150.01
160.0100000000025
170.01
180.0100000000024
190.01
200.01
210.0100000000011
220.0100000000006
230.010000000004
240.01
00.0200000000021
10.02
20.02
30.0200000000042
40.0200000000042
50.0200000000033
60.0200000000034
70.0200000000006
80.0200000000013
90.020000000003
100.0200000000065
110.0200000000007
120.02
130.0200000000023
140.02
150.519999999946
160.0200000000045
170.0200000000005
180.020000000002
190.0200000000025
200.0200000000031
210.0200000000034
220.0200000000022
230.0200000000024
240.0200000000016
130.872940170374
180.0434234659796
160.862857142823
230.807999999985
00.0100000000007
10.0100000000002
20.0100000000004
30.0100000000018
40.0100000000017
50.0100000000013
60.406585148366
70.0100000000004
80.0100000000006
90.0100000000011
100.0100000000023
110.0100000000002
120.01
130.0100000000013
140.0100000000005
150.0100000000024
160.0100000000023
170.0100000000002
180.363414851608
190.0100000000012
200.0100000000021
210.0100000000016
220.0100000000009
230.0100000000013
240.010000000001
90.839999999991
00.0133333333346
10.0133333333333
20.0133333333333
30.0133333333361
40.0133333333362
50.013333333336
60.0133333333353
70.013333333334
80.0133333333344
90.679999999959
100.0133333333372
110.0133333333337
120.0133333333333
130.0133333333356
140.0133333333333
150.0133333333374
160.0133333333372
170.0133333333336
180.0133333333354
190.0133333333348
200.0133333333352
210.0133333333353
220.0133333333346
230.0133333333364
240.0133333333342
00.01
10.0100000000002
20.0100000000003
30.0100000000006
40.0100000000008
50.010000000002
60.01
70.0100000000018
80.311584629303
90.0100000000041
100.01
110.01
120.01
130.0100000000026
140.01
150.01
160.0100000000018
170.01
180.458415370679
190.0100000000002
200.0100000000007
210.0100000000003
220.0100000000001
230.0100000000025
240.0100000000001
00.0100000000011
10.01
20.01
30.01
40.01
50.0100000000003
60.0100000000016
70.0100000000013
80.0100000000002
90.0100000000001
100.01
110.0100000000004
120.01
130.01
140.01
150.01
160.0100000000006
170.0100000000006
180.01
190.01
200.01
210.01
220.759999999994
230.01
240.01
00.04
10.04
20.04
30.04
40.04
50.04
60.04
70.04
80.04
90.04
100.04
110.04
120.04
130.04
140.04
150.04
160.04
170.04
180.04
190.04
200.04
210.04
220.04
230.04
240.04
00.02
10.020000000005
20.02
30.02
40.02
50.02
60.02
70.02
80.0200000000008
90.02
100.02
110.02
120.02
130.0200000000027
140.02
150.0200000000015
160.02
170.0200000000055
180.02
190.519999999984
200.02
210.02
220.02
230.02
240.02
160.839999999988
220.807999999995
70.398704865564
130.417295134427
130.839999999989
170.931428571425
210.807999999992
00.0133333333333
10.0133333333333
20.0133333333333
30.0133333333342
40.0133333333333
50.0133333333333
60.0133333333333
70.0133333333333
80.0133333333333
90.0133333333333
100.0133333333333
110.0133333333333
120.0133333333333
130.0133333333333
140.0133333333354
150.0133333333339
160.0133333333333
170.0133333333333
180.0133333333333
190.679999999995
200.0133333333333
210.0133333333345
220.013333333334
230.0133333333333
240.0133333333333
130.458204834619
180.410366593946
00.0100000000004
10.0100000000004
20.0100000000007
30.0100000000015
40.0100000000015
50.0100000000014
60.0100000000006
70.0100000000004
80.0100000000008
90.0100000000265
100.0100000000012
110.0100000000001
120.01
130.0100000000015
140.01
150.0100000000012
160.759999999953
170.0100000000001
180.0100000000019
190.0100000000005
200.0100000000012
210.0100000000018
220.0100000000009
230.0100000000017
240.0100000000003
00.0133333333333
10.0133333333383
20.0133333333333
30.0133333333333
40.0133333333333
50.0133333333333
60.0133333333333
70.0133333333333
80.679999999992
90.0133333333333
100.0133333333333
110.0133333333333
120.0133333333333
130.0133333333347
140.0133333333333
150.0133333333333
160.0133333333333
170.0133333333333
180.0133333333346
190.0133333333333
200.0133333333333
210.0133333333333
220.0133333333333
230.0133333333333
240.0133333333333
20.807999999987
00.0100000000005
10.0100000000011
20.0100000000005
30.010000000002
40.0100000000013
50.010000000001
60.0100000000008
70.0100000000001
80.0100000000005
90.0100000000007
100.0100000000016
110.0100000000002
120.01
130.0100000000007
140.01
150.0100000000017
160.0100000000021
170.0100000000001
180.010000000001
190.0100000000006
200.0100000000012
210.75999999998
220.0100000000013
230.0100000000006
240.0100000000004
210.807999999988
30.862857142848
00.04
10.04
20.04
30.04
40.04
50.04
60.04
70.04
80.04
90.04
100.04
110.04
120.04
130.04
140.04
150.04
160.04
170.04
180.04
190.04
200.04
210.04
220.04
230.04
240.04
180.89333333333
00.0100000000007
10.01
20.01
30.0100000000019
40.0100000000016
50.0100000000015
60.0100000000011
70.0100000000004
80.0100000000006
90.010000000002
100.0100000000022
110.0100000000002
120.01
130.0100000000015
140.01
150.0100000000023
160.0100000000026
170.0100000000002
180.0100000000013
190.0100000000008
200.010000000001
210.0100000000011
220.0100000000007
230.759999999976
240.0100000000005
00.02
10.02
20.02
30.02
40.02
50.0200000000023
60.02
70.0200000000031
80.519999999989
90.0200000000038
100.02
110.02
120.02
130.020000000002
140.02
150.02
160.02
170.02
180.02
190.02
200.02
210.02
220.02
230.02
240.02
90.807999999996
00.0100000000003
10.0100000000004
20.01
30.0100000000003
40.01
50.0100000000005
60.0100000000008
70.0100000000003
80.01
90.01
100.01
110.0100000000004
120.010000000001
130.0100000000002
140.0100000000006
150.0100000000002
160.0100000000002
170.01
180.01
190.01
200.01
210.01
220.0100000000002
230.0100000000006
240.759999999994
30.839999999979
220.839999999992
00.0133333333333
10.0133333333333
20.0133333333333
30.0133333333341
40.0133333333333
50.679999999987
60.0133333333333
70.0133333333357
80.0133333333386
90.0133333333362
100.0133333333333
110.0133333333333
120.0133333333333
130.0133333333349
140.0133333333333
150.0133333333333
160.0133333333333
170.0133333333333
180.0133333333333
190.0133333333333
200.0133333333333
210.0133333333333
220.0133333333333
230.0133333333333
240.0133333333333
230.839999999985
00.0133333333333
10.0133333333333
20.0133333333333
30.0133333333333
40.0133333333333
50.0133333333338
60.013333333334
70.0133333333333
80.0133333333333
90.0133333333333
100.0133333333333
110.0133333333333
120.0133333333333
130.0133333333342
140.0133333333333
150.0133333333333
160.0133333333333
170.0133333333339
180.0133333333333
190.0133333333333
200.0133333333333
210.0133333333333
220.0133333333333
230.0133333333333
240.679999999997
00.0100000000008
30.0100000000019
40.0100000000015
50.0100000000012
60.0100000000012
70.0100000000002
80.0100000000005
90.0100000000015
100.0100000000024
110.0100000000002
130.0100000000011
140.0100000000025
150.0100000000037
160.0100000000026
170.0100000000002
180.0100000000017
190.010000000003
200.0100000000011
210.0100000000012
220.75999999997
230.0100000000013
240.0100000000006
70.839999999966
